sys.exec.out.time {s},mutil_verif.vector1[0] {1},mutil_verif.vector1[1] {1},mutil_verif.vector1[2] {1},mutil_verif.vector2[0] {1},mutil_verif.vector2[1] {1},mutil_verif.vector2[2] {1},mutil_verif.T_inrtl_lvlh[0][0] {1},mutil_verif.T_inrtl_lvlh[0][1] {1},mutil_verif.T_inrtl_lvlh[0][2] {1},mutil_verif.T_inrtl_lvlh[1][0] {1},mutil_verif.T_inrtl_lvlh[1][1] {1},mutil_verif.T_inrtl_lvlh[1][2] {1},mutil_verif.T_inrtl_lvlh[2][0] {1},mutil_verif.T_inrtl_lvlh[2][1] {1},mutil_verif.T_inrtl_lvlh[2][2] {1}
                   0,                   0,                   0,                   0,                  10,                  10,                  10,                   1,                   0,                   0,                   0,                   1,                   0,                   0,                   0,                   1
                   1,                 200,                 100,                   0,                   0,                   0,                   0,  0.4472135954999579, -0.8944271909999157,                  -0,                   0,                  -0,                   1,  -0.894427190999916,  -0.447213595499958,                  -0
                   2,                 100,                   0,                   0,                   0,                   0,                   0,                  -0,                   0,                   1,                   0,                   1,                  -0,                  -1,                  -0,                  -0
                   3,                   0,                   0,                 200,                   0,                   0,                   0,                   1,                   0,                  -0,                   0,                  -1,                   0,                  -0,                  -0,                  -1
                   4,                 200,                 100,                 300,                  10,                  30,                  20, -0.2468853599393471,    0.95668076976497, -0.1543033499620919,  0.8082903768654761,  0.1154700538379252, -0.5773502691896257, -0.5345224838248488, -0.2672612419124244, -0.8017837257372732
                   5,                 200,                 100,                 300,                 200,                 100,                 300,  0.8451542547285165, -0.1690308509457033, -0.5070925528371099,                   0, -0.9486832980505137,  0.3162277660168379, -0.5345224838248488, -0.2672612419124244, -0.8017837257372732
                   6,                   0,                   0,                  10,                   0,                   0,                  10,                   1,                   0,                  -0,                   0,                  -1,                   0,                  -0,                  -0,                  -1
