sys.exec.out.time {s},vehicle.planet_rel_state.topocentric.T_pfix_to_this[0][0] {--},vehicle.planet_rel_state.topocentric.T_pfix_to_this[0][1] {--},vehicle.planet_rel_state.topocentric.T_pfix_to_this[0][2] {--},vehicle.planet_rel_state.topocentric.T_pfix_to_this[1][0] {--},vehicle.planet_rel_state.topocentric.T_pfix_to_this[1][1] {--},vehicle.planet_rel_state.topocentric.T_pfix_to_this[1][2] {--},vehicle.planet_rel_state.topocentric.T_pfix_to_this[2][0] {--},vehicle.planet_rel_state.topocentric.T_pfix_to_this[2][1] {--},vehicle.planet_rel_state.topocentric.T_pfix_to_this[2][2] {--},vehicle.planet_rel_state.topocentric.T_inrtl_to_this[0][0] {--},vehicle.planet_rel_state.topocentric.T_inrtl_to_this[0][1] {--},vehicle.planet_rel_state.topocentric.T_inrtl_to_this[0][2] {--},vehicle.planet_rel_state.topocentric.T_inrtl_to_this[1][0] {--},vehicle.planet_rel_state.topocentric.T_inrtl_to_this[1][1] {--},vehicle.planet_rel_state.topocentric.T_inrtl_to_this[1][2] {--},vehicle.planet_rel_state.topocentric.T_inrtl_to_this[2][0] {--},vehicle.planet_rel_state.topocentric.T_inrtl_to_this[2][1] {--},vehicle.planet_rel_state.topocentric.T_inrtl_to_this[2][2] {--},vehicle.planet_rel_state.topocentric.T_this_to_body[0][0] {--},vehicle.planet_rel_state.topocentric.T_this_to_body[0][1] {--},vehicle.planet_rel_state.topocentric.T_this_to_body[0][2] {--},vehicle.planet_rel_state.topocentric.T_this_to_body[1][0] {--},vehicle.planet_rel_state.topocentric.T_this_to_body[1][1] {--},vehicle.planet_rel_state.topocentric.T_this_to_body[1][2] {--},vehicle.planet_rel_state.topocentric.T_this_to_body[2][0] {--},vehicle.planet_rel_state.topocentric.T_this_to_body[2][1] {--},vehicle.planet_rel_state.topocentric.T_this_to_body[2][2] {--},vehicle.planet_rel_state.topocentric.E_this_to_body_YPR[0] {rad},vehicle.planet_rel_state.topocentric.E_this_to_body_YPR[1] {rad},vehicle.planet_rel_state.topocentric.E_this_to_body_YPR[2] {rad},vehicle.planet_rel_state.topocentric_altitude {m}
                   0,                   0,                   0,                   0,                   0,                   0,                   0,                   0,                   0,                   0,                   0,                   0,                   0,                   0,                   0,                   0,                   0,                   0,                   0,                   0,                   0,                   0,                   0,                   0,                   0,                   0,                   0,                   0,                   0,                   0,                   0,                   0
                   5,                   0,                   0,                   0,                   0,                   0,                   0,                   0,                   0,                   0,                   0,                   0,                   0,                   0,                   0,                   0,                   0,                   0,                   0,                   0,                   0,                   0,                   0,                   0,                   0,                   0,                   0,                   0,                   0,                   0,                   0,                   0
                  10,                   0,                   0,                   0,                   0,                   0,                   0,                   0,                   0,                   0,                   0,                   0,                   0,                   0,                   0,                   0,                   0,                   0,                   0,                   0,                   0,                   0,                   0,                   0,                   0,                   0,                   0,                   0,                   0,                   0,                   0,                   0
                  15,                   0,                   0,                   0,                   0,                   0,                   0,                   0,                   0,                   0,                   0,                   0,                   0,                   0,                   0,                   0,                   0,                   0,                   0,                   0,                   0,                   0,                   0,                   0,                   0,                   0,                   0,                   0,                   0,                   0,                   0,                   0
                  20,-0.05110705788696195,  0.5200418235951674,  0.8526104446615416,  0.9952057214585091, 0.09780374213826674,                   0,-0.08338849207407036,  0.8485227927024497, -0.5225470597506491,-0.05110705788696195,  0.5200418235951674,  0.8526104446615416,  0.9952057214585091, 0.09780374213826674,                   0,-0.08338849207407036,  0.8485227927024497, -0.5225470597506491,-0.05110705788696195,  0.9952057214585091,-0.08338849207407036,  0.5200418235951674, 0.09780374213826674,  0.8485227927024497,  0.8526104446615416,                   0, -0.5225470597506491,   1.622104515599313, 0.08348543800621429,   2.122775376049695,   15620.19569456366
                  25,-0.05462879648347553,  0.5196043967700505,  0.8526587626078788,  0.9945186768011565,   0.104559081354404,                   0,-0.08915321692706268,   0.847985064351699, -0.5224682139116227,-0.05462879648347553,  0.5196043967700505,  0.8526587626078788,  0.9945186768011565,   0.104559081354404,                   0,-0.08915321692706268,   0.847985064351699, -0.5224682139116227,-0.05462879648347553,  0.9945186768011565,-0.08915321692706268,  0.5196043967700505,   0.104559081354404,   0.847985064351699,  0.8526587626078788,                   0, -0.5224682139116227,   1.625671065027305, 0.08927174405253004,   2.122991069077257,   15483.20034402412
                  30,-0.05814472308656592,  0.5191257427552576,  0.8527178046610665,  0.9937858378389224,  0.1113090675137971,                   0,-0.09491522368923552,  0.8474188779452645, -0.5223718461154001,-0.05814472308656592,  0.5191257427552576,  0.8527178046610665,  0.9937858378389224,  0.1113090675137971,                   0,-0.09491522368923552,  0.8474188779452645, -0.5223718461154001,-0.05814472308656592,  0.9937858378389224,-0.09491522368923552,  0.5191257427552576,  0.1113090675137971,  0.8474188779452645,  0.8527178046610665,                   0, -0.5223718461154001,   1.629238004461446, 0.09505831817893938,   2.123206995814146,   15315.76857130529
                  35,-0.06165426713069772,  0.5186059428076657,  0.8527875628954428,  0.9930072617992127,  0.1180532846388863,                   0, -0.1006743728989978,  0.8468242427272276, -0.5222579559670214,-0.06165426713069772,  0.5186059428076657,  0.8527875628954428,  0.9930072617992127,  0.1180532846388863,                   0, -0.1006743728989978,  0.8468242427272276, -0.5222579559670214,-0.06165426713069772,  0.9930072617992127, -0.1006743728989978,  0.5186059428076657,  0.1180532846388863,  0.8468242427272276,  0.8527875628954428,                   0, -0.5222579559670214,   1.632805163032312,   0.100845214564449,   2.123423173159604,   15117.90457066549
                  40,-0.06515685930130895,  0.5180450854815631,  0.8528680279471083,  0.9921830108551046,  0.1247913176887688,                   0, -0.1064305250221414,  0.8462011678306174, -0.5221265430004595,-0.06515685930130895,  0.5180450854815631,  0.8528680279471083,  0.9921830108551046,  0.1247913176887688,                   0, -0.1064305250221414,  0.8462011678306174, -0.5221265430004595,-0.06515685930130895,  0.9921830108551046, -0.1064305250221414,  0.5180450854815631,  0.1247913176887688,  0.8462011678306174,  0.8528680279471083,                   0, -0.5221265430004595,   1.636372370308777,  0.1066324873925563,     2.1236396180918,   14889.61329971594
                  45,-0.06865193165436924,   0.517443266604616,  0.8529591890153175,   0.991313152103922,  0.1315227526543848,                   0, -0.1121835404411462,  0.8455496622787795, -0.5219776066789953,-0.06865193165436924,   0.517443266604616,  0.8529591890153175,   0.991313152103922,  0.1315227526543848,                   0, -0.1121835404411462,  0.8455496622787795, -0.5219776066789953,-0.06865193165436924,   0.991313152103922, -0.1121835404411462,   0.517443266604616,  0.1315227526543848,  0.8455496622787795,  0.8529591890153175,                   0, -0.5219776066789953,   1.639939456328137,  0.1124201908521358,   2.123856347673485,   14630.90047978935
                  50,-0.07213891773532016,  0.5168005892515183,  0.8530610338640842,  0.9903977575436266,  0.1382471766531086,                   0, -0.1179332794444915,  0.8448697349868366, -0.5218111463956474,-0.07213891773532016,  0.5168005892515183,  0.8530610338640842,  0.9903977575436266,  0.1382471766531086,                   0, -0.1179332794444915,  0.8448697349868366, -0.5218111463956474,-0.07213891773532016,  0.9903977575436266, -0.1179332794444915,  0.5168005892515183,  0.1382471766531086,  0.8448697349868366,  0.8530610338640842,                   0, -0.5218111463956474,   1.643506251626247,  0.1182083791383217,   2.124073379057688,   14341.77259638114
                  55,-0.07561725269733725,  0.5161171637153493,  0.8531735488239953,  0.9894369040470475,  0.1449641780226879,                   0,   -0.12367960221597,  0.8441613947632465, -0.5216271614736618,-0.07561725269733725,  0.5161171637153493,  0.8531735488239953,  0.9894369040470475,  0.1449641780226879,                   0,   -0.12367960221597,  0.8441613947632465, -0.5216271614736618,-0.07561725269733725,  0.9894369040470475,   -0.12367960221597,  0.5161171637153493,  0.1449641780226879,  0.8441613947632465,  0.8531735488239953,                   0, -0.5216271614736618,   1.647072587267674,  0.1239971064533877,   2.124290729493484,   14022.23689963944
                  60,-0.07908637341885286,   0.515393107476654,  0.8532967187942374,  0.9884306733339649,  0.1516733464144727,                   0, -0.1294223688240113,   0.843424650311451, -0.5214256511670557,-0.07908637341885286,   0.515393107476654,  0.8532967187942374,  0.9884306733339649,  0.1516733464144727,                   0, -0.1294223688240113,   0.843424650311451, -0.5214256511670557,-0.07908637341885286,  0.9884306733339649, -0.1294223688240113,   0.515393107476654,  0.1516733464144727,   0.843424650311451,  0.8532967187942374,                   0, -0.5214256511670557,    1.65063829487584,  0.1297864270076257,   2.124508416331822,   13672.30140491741
                  65,-0.08254571862027879,  0.5146285451702757,  0.8534305272448293,  0.9873791519410722,  0.1583742728858734,                   0, -0.1351614392110074,  0.8426595102316216, -0.5212066146612231,-0.08254571862027879,  0.5146285451702757,  0.8534305272448293,  0.9873791519410722,  0.1583742728858734,                   0, -0.1351614392110074,  0.8426595102316216, -0.5212066146612231,-0.08254571862027879,  0.9873791519410722, -0.1351614392110074,  0.5146285451702757,  0.1583742728858734,  0.8426595102316216,  0.8534305272448293,                   0, -0.5212066146612231,   1.654203206663155,    0.13557639502022,   2.124726457031427,   13291.97489338608
                  70,-0.08599472897986996,  0.5138236085499629,  0.8535749562190618,    0.98628243118984,  0.1650665499919907,                   0, -0.1408966731826451,  0.8418659830224975, -0.5209700510735975,-0.08599472897986996,  0.5138236085499629,  0.8535749562190618,    0.98628243118984,  0.1650665499919907,                   0, -0.1408966731826451,  0.8418659830224975, -0.5209700510735975,-0.08599472897986996,    0.98628243118984, -0.1408966731826451,  0.5138236085499629,  0.1650665499919907,  0.8418659830224975,  0.8535749562190618,                   0, -0.5209700510735975,   1.657767155461111,  0.1413670647201191,   2.124944869164782,   12881.26691269765
                  75,-0.08943284724866973,  0.5129784364507752,  0.8537299863361448,  0.9851406071523076,  0.1717497718763631,                   0, -0.1466279303972435,   0.841044077083321, -0.5207159594543708,-0.08943284724866973,  0.5129784364507752,  0.8537299863361448,  0.9851406071523076,  0.1717497718763631,                   0, -0.1466279303972435,   0.841044077083321, -0.5207159594543708,-0.08943284724866973,  0.9851406071523076, -0.1466279303972435,  0.5129784364507752,  0.1717497718763631,   0.841044077083321,  0.8537299863361448,                   0, -0.5207159594543708,   1.661329974750333,   0.147158490346904,    2.12516367042418,   12440.18777771453
                  80,-0.09285951836448036,  0.5120931747493215,  0.8538955967940562,  0.9839537806148266,   0.178423534360772,                   0, -0.1523550703550962,  0.8401938007158652, -0.5204443387872736,-0.09285951836448036,  0.5120931747493215,  0.8538955967940562,  0.9839537806148266,   0.178423534360772,                   0, -0.1523550703550962,  0.8401938007158652, -0.5204443387872736,-0.09285951836448036,  0.9839537806148266, -0.1523550703550962,  0.5120931747493215,   0.178423534360772,  0.8401938007158652,  0.8538955967940562,                   0, -0.5204443387872736,   1.664891498690574,  0.1529507261516525,   2.125382878627872,   11968.74857129184
                  85,-0.09627418956480033,  0.5111679763218544,   0.854071765372595,  0.9827220570397895,  0.1850874350340523,                   0, -0.1580779523878185,  0.8393151621265611, -0.5201551879904103,-0.09627418956480033,  0.5111679763218544,   0.854071765372595,  0.9827220570397895,  0.1850874350340523,                   0, -0.1580779523878185,  0.8393151621265611, -0.5201551879904103,-0.09627418956480033,  0.9827220570397895, -0.1580779523878185,  0.5111679763218544,  0.1850874350340523,  0.8393151621265611,   0.854071765372595,                   0, -0.5201551879904103,   1.668451562150642,  0.1587438263978001,    2.12560251172629,   11466.96114511596
                  90,-0.09967631049867516,  0.5102030010002621,  0.8542584684366309,  0.9814455465253693,  0.1917410733398536,                   0, -0.1637964356476991,  0.8384081694287141, -0.5198485059171583,-0.09967631049867516,  0.5102030010002621,  0.8542584684366309,  0.9814455465253693,  0.1917410733398536,                   0, -0.1637964356476991,  0.8384081694287141, -0.5198485059171583,-0.09967631049867516,  0.9814455465253693, -0.1637964356476991,  0.5102030010002621,  0.1917410733398536,  0.8384081694287141,  0.8542584684366309,                   0, -0.5198485059171583,   1.672010000738235,   0.164537845361995,   2.125822587808378,    10934.8381206114
                  95, -0.1030653333374061,  0.5091984155259781,  0.8544556809395574,  0.9801243637633038,  0.1983840506633004,                   0,  -0.169510379097058,  0.8374728306448241, -0.5195242913571196, -0.1030653333374061,  0.5091984155259781,  0.8544556809395574,  0.9801243637633038,  0.1983840506633004,                   0,  -0.169510379097058,  0.8374728306448241, -0.5195242913571196, -0.1030653333374061,  0.9801243637633038,  -0.169510379097058,  0.5091984155259781,  0.1983840506633004,  0.8374728306448241,  0.8544556809395574,                   0, -0.5195242913571196,   1.675566650829698,   0.170332837334952,   2.126043125108016,   10372.39288989459
                 100, -0.1064407128840632,  0.5081543935018581,  0.8546633764269363,  0.9787586279947585,  0.2050159704164967,                   0,  -0.175219641497608,   0.836509153708996, -0.5191825430371372, -0.1064407128840632,  0.5081543935018581,  0.8546633764269363,  0.9787586279947585,  0.2050159704164967,                   0,  -0.175219641497608,   0.836509153708996, -0.5191825430371372, -0.1064407128840632,  0.9787586279947585,  -0.175219641497608,  0.5081543935018581,  0.2050159704164967,   0.836509153708996,  0.8546633764269363,                   0, -0.5191825430371372,   1.679121349599659,  0.1761288566222981,   2.126264142010541,    9779.63961678972
