sys.exec.out.time {s},vehicle.planet_rel_state.topodetic.T_pfix_to_this[0][0] {--},vehicle.planet_rel_state.topodetic.T_pfix_to_this[0][1] {--},vehicle.planet_rel_state.topodetic.T_pfix_to_this[0][2] {--},vehicle.planet_rel_state.topodetic.T_pfix_to_this[1][0] {--},vehicle.planet_rel_state.topodetic.T_pfix_to_this[1][1] {--},vehicle.planet_rel_state.topodetic.T_pfix_to_this[1][2] {--},vehicle.planet_rel_state.topodetic.T_pfix_to_this[2][0] {--},vehicle.planet_rel_state.topodetic.T_pfix_to_this[2][1] {--},vehicle.planet_rel_state.topodetic.T_pfix_to_this[2][2] {--},vehicle.planet_rel_state.topodetic.T_inrtl_to_this[0][0] {--},vehicle.planet_rel_state.topodetic.T_inrtl_to_this[0][1] {--},vehicle.planet_rel_state.topodetic.T_inrtl_to_this[0][2] {--},vehicle.planet_rel_state.topodetic.T_inrtl_to_this[1][0] {--},vehicle.planet_rel_state.topodetic.T_inrtl_to_this[1][1] {--},vehicle.planet_rel_state.topodetic.T_inrtl_to_this[1][2] {--},vehicle.planet_rel_state.topodetic.T_inrtl_to_this[2][0] {--},vehicle.planet_rel_state.topodetic.T_inrtl_to_this[2][1] {--},vehicle.planet_rel_state.topodetic.T_inrtl_to_this[2][2] {--},vehicle.planet_rel_state.topodetic.T_this_to_body[0][0] {--},vehicle.planet_rel_state.topodetic.T_this_to_body[0][1] {--},vehicle.planet_rel_state.topodetic.T_this_to_body[0][2] {--},vehicle.planet_rel_state.topodetic.T_this_to_body[1][0] {--},vehicle.planet_rel_state.topodetic.T_this_to_body[1][1] {--},vehicle.planet_rel_state.topodetic.T_this_to_body[1][2] {--},vehicle.planet_rel_state.topodetic.T_this_to_body[2][0] {--},vehicle.planet_rel_state.topodetic.T_this_to_body[2][1] {--},vehicle.planet_rel_state.topodetic.T_this_to_body[2][2] {--},vehicle.planet_rel_state.topodetic.E_this_to_body_YPR[0] {rad},vehicle.planet_rel_state.topodetic.E_this_to_body_YPR[1] {rad},vehicle.planet_rel_state.topodetic.E_this_to_body_YPR[2] {rad}
                   0,-0.03715358793709374,  0.5239183460451322,  0.8509578001174523,  0.9974949866040544, 0.07073720166770291,                   0,-0.06019437351761304,  0.8488261394287737, -0.5252340644124924,-0.03715358793709374,  0.5239183460451322,  0.8509578001174523,  0.9974949866040544, 0.07073720166770291,                   0,-0.06019437351761304,  0.8488261394287737, -0.5252340644124924,-0.03715358793709374,  0.9974949866040544,-0.06019437351761304,  0.5239183460451322, 0.07073720166770291,  0.8488261394287737,  0.8509578001174523,                   0, -0.5252340644124924,   1.608026008429969, 0.06023078392354545,   2.124908131470671
                   5,-0.04071009635216179,  0.5236452075592498,  0.8509632099305046,  0.9969915919005264, 0.07750977796158511,                   0,-0.06595796945519114,  0.8484031653173956, -0.5252252996046288,-0.04071009635216179,  0.5236452075592498,  0.8509632099305046,  0.9969915919005264, 0.07750977796158511,                   0,-0.06595796945519114,  0.8484031653173956, -0.5252252996046288,-0.04071009635216179,  0.9969915919005264,-0.06595796945519114,  0.5236452075592498, 0.07750977796158511,  0.8484031653173956,  0.8509632099305046,                   0, -0.5252252996046288,   1.611606593986931, 0.06600588784037385,   2.125123711598449
                  10,-0.04426307497973038,  0.5233304646092114,  0.8509794386501038,  0.9964422237904451, 0.08427867255452232,                   0,-0.07171941746062331,  0.8479518442484542, -0.5251990051349624,-0.04426307497973038,  0.5233304646092114,  0.8509794386501038,  0.9964422237904451, 0.08427867255452232,                   0,-0.07171941746062331,  0.8479518442484542, -0.5251990051349624,-0.04426307497973038,  0.9964422237904451,-0.07171941746062331,  0.5233304646092114, 0.08427867255452232,  0.8479518442484542,  0.8509794386501038,                   0, -0.5251990051349624,    1.61518825893174, 0.07178104377155829,   2.125339472781731
                  15,-0.04781194821298106,  0.5229741691496316,   0.851006484117678,  0.9958469195484715, 0.09104346668388751,                   0,-0.07747858048454005,  0.8474721857243649, -0.5251551808653022,-0.04781194821298106,  0.5229741691496316,   0.851006484117678,  0.9958469195484715, 0.09104346668388751,                   0,-0.07747858048454005,  0.8474721857243649, -0.5251551808653022,-0.04781194821298106,  0.9958469195484715,-0.07747858048454005,  0.5229741691496316, 0.09104346668388751,  0.8474721857243649,   0.851006484117678,                   0, -0.5251551808653022,   1.618770830775015,  0.0775563070538399,   2.125555431717323
                  20,-0.05135614121180056,  0.5225763805004529,  0.8510443427359584,  0.9952057214585091, 0.09780374213826674,                   0,-0.08323532144517838,  0.8469641991057222, -0.5250938265654248,-0.05135614121180056,  0.5225763805004529,  0.8510443427359584,  0.9952057214585091, 0.09780374213826674,                   0,-0.08323532144517838,  0.8469641991057222, -0.5250938265654248,-0.05135614121180056,  0.9952057214585091,-0.08323532144517838,  0.5225763805004529, 0.09780374213826674,  0.8469641991057222,  0.8510443427359584,                   0, -0.5250938265654248,   1.622354137346418, 0.08333173302489642,   2.125771605158947
                  25,-0.05489508002378252,  0.5221371653323758,  0.8510930094695021,  0.9945186768011565,   0.104559081354404,                   0,-0.08898950321728624,  0.8464278936123233, -0.5250149419132242,-0.05489508002378252,  0.5221371653323758,  0.8510930094695021,  0.9945186768011565,   0.104559081354404,                   0,-0.08898950321728624,  0.8464278936123233, -0.5250149419132242,-0.05489508002378252,  0.9945186768011565,-0.08898950321728624,  0.5221371653323758,   0.104559081354404,  0.8464278936123233,  0.8510930094695021,                   0, -0.5250149419132242,   1.625938006824481, 0.08910737702423874,   2.125988009922713
                  30,-0.05842819170486551,  0.5216565976499227,  0.8511524778454247,  0.9937858378389224,  0.1113090675137971,                   0,-0.09474098862103209,  0.8458632783242902,  -0.524918526494916,-0.05842819170486551,  0.5216565976499227,  0.8511524778454247,  0.9937858378389224,  0.1113090675137971,                   0,-0.09474098862103209,  0.8458632783242902,  -0.524918526494916,-0.05842819170486551,  0.9937858378389224,-0.09474098862103209,  0.5216565976499227,  0.1113090675137971,  0.8458632783242902,  0.8511524778454247,                   0,  -0.524918526494916,   1.629522267766511, 0.09488329439410474,   2.126204662892624
                  35,-0.06195490443954638,   0.521134758772149,  0.8512227399543441,  0.9930072617992127,  0.1180532846388863,                   0, -0.1004896404109229,  0.8452703621832865, -0.5248045798053016,-0.06195490443954638,   0.521134758772149,  0.8512227399543441,  0.9930072617992127,  0.1180532846388863,                   0, -0.1004896404109229,  0.8452703621832865, -0.5248045798053016,-0.06195490443954638,  0.9930072617992127, -0.1004896404109229,   0.521134758772149,  0.1180532846388863,  0.8452703621832865,  0.8512227399543441,                   0, -0.5248045798053016,   1.633106749138561,  0.1006595404803542,   2.126421581026138
                  40,-0.06547464766060235,  0.5205717373110181,  0.8513037864515277,  0.9921830108551046,  0.1247913176887688,                   0, -0.1062353212647244,  0.8446491539938278, -0.5246731012480931,-0.06547464766060235,  0.5205717373110181,  0.8513037864515277,  0.9921830108551046,  0.1247913176887688,                   0, -0.1062353212647244,  0.8446491539938278, -0.5246731012480931,-0.06547464766060235,  0.9921830108551046, -0.1062353212647244,  0.5205717373110181,  0.1247913176887688,  0.8446491539938278,  0.8513037864515277,                   0, -0.5246731012480931,   1.636691280345464,  0.1064361706333583,    2.12663878135977
                  45,-0.06898685216826199,  0.5199676291474512,  0.8513956065582515,   0.991313152103922,  0.1315227526543848,                   0, -0.1119778937723908,  0.8439996624246909, -0.5245240901362939,-0.06898685216826199,  0.5199676291474512,  0.8513956065582515,   0.991313152103922,  0.1315227526543848,                   0, -0.1119778937723908,  0.8439996624246909, -0.5245240901362939,-0.06898685216826199,   0.991313152103922, -0.1119778937723908,  0.5199676291474512,  0.1315227526543848,  0.8439996624246909,  0.8513956065582515,                   0, -0.5245240901362939,   1.640275691260897,  0.1122132402088901,   2.126856281014757
                  50,-0.07249095024876098,  0.5193225374050713,  0.8514981880633627,  0.9903977575436266,  0.1382471766531086,                   0, -0.1177172204249976,  0.8433218960104157, -0.5243575456926409,-0.07249095024876098,  0.5193225374050713,  0.8514981880633627,  0.9903977575436266,  0.1382471766531086,                   0, -0.1177172204249976,  0.8433218960104157, -0.5243575456926409,-0.07249095024876098,  0.9903977575436266, -0.1177172204249976,  0.5193225374050713,  0.1382471766531086,  0.8433218960104157,  0.8514981880633627,                   0, -0.5243575456926409,   1.643859812257474,  0.1179908045690111,   2.127074097202774
                  55,-0.07598637579222101,  0.5186365724216636,  0.8516115173250488,  0.9894369040470475,  0.1449641780226879,                   0, -0.1234531636036797,  0.8426158631529049, -0.5241734670501056,-0.07598637579222101,  0.5186365724216636,  0.8516115173250488,  0.9894369040470475,  0.1449641780226879,                   0, -0.1234531636036797,  0.8426158631529049, -0.5241734670501056,-0.07598637579222101,  0.9894369040470475, -0.1234531636036797,  0.5186365724216636,  0.1449641780226879,  0.8426158631529049,  0.8516115173250488,                   0, -0.5241734670501056,    1.64744347423685,  0.1237689190829545,   2.127292247231717
                  60,-0.07947256440979238,  0.5179098517183663,  0.8517355792728112,  0.9884306733339649,  0.1516733464144727,                   0, -0.1291855855685767,  0.8418815721231194, -0.5239718532524518,-0.07947256440979238,  0.5179098517183663,  0.8517355792728112,  0.9884306733339649,  0.1516733464144727,                   0, -0.1291855855685767,  0.8418815721231194, -0.5239718532524518,-0.07947256440979238,  0.9884306733339649, -0.1291855855685767,  0.5179098517183663,  0.1516733464144727,  0.8418815721231194,  0.8517355792728112,                   0, -0.5239718532524518,   1.651026508659815,  0.1295476391280074,   2.127510748511551
                  65,-0.08294895354999852,  0.5171424999666244,  0.8518703574096413,  0.9873791519410722,  0.1583742728858734,                   0,  -0.134914348447781,  0.8411190310628697, -0.5237527032548567,-0.08294895354999852,  0.5171424999666244,  0.8518703574096413,  0.9873791519410722,  0.1583742728858734,                   0,  -0.134914348447781,  0.8411190310628697, -0.5237527032548567,-0.08294895354999852,  0.9873791519410722,  -0.134914348447781,  0.5171424999666244,  0.1583742728858734,  0.8411190310628697,  0.8518703574096413,                   0, -0.5237527032548567,   1.654608747576379,  0.1353270200903881,   2.127729618560232
                  70,-0.08641498261422396,  0.5163346489529225,   0.852015833814399,    0.98628243118984,  0.1650665499919907,                   0, -0.1406393142262922,  0.8403282479867042, -0.5235160159245889,-0.08641498261422396,  0.5163346489529225,   0.852015833814399,    0.98628243118984,  0.1650665499919907,                   0, -0.1406393142262922,  0.8403282479867042, -0.5235160159245889,-0.08641498261422396,    0.98628243118984, -0.1406393142262922,  0.5163346489529225,  0.1650665499919907,  0.8403282479867042,   0.852015833814399,                   0, -0.5235160159245889,   1.658190023655817,  0.1411071173661207,   2.127948875009698
                  75,-0.08987009307128725,  0.5154864375413286,   0.852171989144391,  0.9851406071523076,  0.1717497718763631,                   0, -0.1463603447349758,  0.8395092307838949, -0.5232617900417457,-0.08987009307128725,  0.5154864375413286,   0.852171989144391,  0.9851406071523076,  0.1717497718763631,                   0, -0.1463603447349758,  0.8395092307838949, -0.5232617900417457,-0.08987009307128725,  0.9851406071523076, -0.1463603447349758,  0.5154864375413286,  0.1717497718763631,  0.8395092307838949,   0.852171989144391,                   0, -0.5232617900417457,    1.66177017021668,  0.1468879863619058,   2.128168535611945
                  80,-0.09331372857104185,  0.5145980116338792,  0.8523388026381457,  0.9839537806148266,   0.178423534360772,                   0, -0.1520773016395264,   0.838661987220518,  -0.522990024300055,-0.09331372857104185,  0.5145980116338792,  0.8523388026381457,  0.9839537806148266,   0.178423534360772,                   0, -0.1520773016395264,   0.838661987220518,  -0.522990024300055,-0.09331372857104185,  0.9839537806148266, -0.1520773016395264,  0.5145980116338792,   0.178423534360772,   0.838661987220518,  0.8523388026381457,                   0,  -0.522990024300055,   1.665349021256733,  0.1526696824959869,   2.128388618245191
                  85, -0.0967453350569468,  0.5136695241288248,  0.8525162521183897,  0.9827220570397895,  0.1850874350340523,                   0, -0.1577900464294362,  0.8377865249416357, -0.5227007173077288, -0.0967453350569468,  0.5136695241288248,  0.8525162521183897,  0.9827220570397895,  0.1850874350340523,                   0, -0.1577900464294362,  0.8377865249416357, -0.5227007173077288, -0.0967453350569468,  0.9827220570397895, -0.1577900464294362,  0.5136695241288248,  0.1850874350340523,  0.8377865249416357,  0.8525162521183897,                   0, -0.5227007173077288,   1.668926411482843,   0.158452261199013,   2.128609140920116
                  90, -0.1001643608775547,  0.5127011348767859,   0.852704313995213,  0.9814455465253693,  0.1917410733398536,                   0, -0.1634984404069657,  0.8368828514735719,  -0.522393867588387, -0.1001643608775547,  0.5127011348767859,   0.852704313995213,  0.9814455465253693,  0.1917410733398536,                   0, -0.1634984404069657,  0.8368828514735719,  -0.522393867588387, -0.1001643608775547,  0.9814455465253693, -0.1634984404069657,  0.5127011348767859,  0.1917410733398536,  0.8368828514735719,   0.852704313995213,                   0,  -0.522393867588387,   1.672502176340768,  0.1642357779148951,   2.128830121786214
                  95, -0.1035702568968605,  0.5116930106348324,  0.8529029632694329,  0.9801243637633038,  0.1983840506633004,                   0, -0.1692023446761222,  0.8359509742262894, -0.5220694735820324, -0.1035702568968605,  0.5116930106348324,  0.8529029632694329,  0.9801243637633038,  0.1983840506633004,                   0, -0.1692023446761222,  0.8359509742262894, -0.5220694735820324, -0.1035702568968605,  0.9801243637633038, -0.1692023446761222,  0.5116930106348324,  0.1983840506633004,  0.8359509742262894,  0.8529029632694329,                   0, -0.5220694735820324,   1.676076152044862,  0.1700202881016603,   2.129051579138228
                 100,  -0.106962476603459,  0.5106453250185383,  0.8531121735361451,  0.9787586279947585,  0.2050159704164967,                   0, -0.1749016201316395,  0.8349909004958638, -0.5217275336460921,  -0.106962476603459,  0.5106453250185383,  0.8531121735361451,  0.9787586279947585,  0.2050159704164967,                   0, -0.1749016201316395,  0.8349909004958638, -0.5217275336460921,  -0.106962476603459,  0.9787586279947585, -0.1749016201316395,  0.5106453250185383,  0.2050159704164967,  0.8349909004958638,  0.8531121735361451,                   0, -0.5217275336460921,   1.679648175607671,  0.1758058472322986,   2.129273531422697
