sys.exec.out.time {s},vehicle.planet_rel_state.topocentric.T_pfix_to_this[0][0] {--},vehicle.planet_rel_state.topocentric.T_pfix_to_this[0][1] {--},vehicle.planet_rel_state.topocentric.T_pfix_to_this[0][2] {--},vehicle.planet_rel_state.topocentric.T_pfix_to_this[1][0] {--},vehicle.planet_rel_state.topocentric.T_pfix_to_this[1][1] {--},vehicle.planet_rel_state.topocentric.T_pfix_to_this[1][2] {--},vehicle.planet_rel_state.topocentric.T_pfix_to_this[2][0] {--},vehicle.planet_rel_state.topocentric.T_pfix_to_this[2][1] {--},vehicle.planet_rel_state.topocentric.T_pfix_to_this[2][2] {--},vehicle.planet_rel_state.topocentric.T_inrtl_to_this[0][0] {--},vehicle.planet_rel_state.topocentric.T_inrtl_to_this[0][1] {--},vehicle.planet_rel_state.topocentric.T_inrtl_to_this[0][2] {--},vehicle.planet_rel_state.topocentric.T_inrtl_to_this[1][0] {--},vehicle.planet_rel_state.topocentric.T_inrtl_to_this[1][1] {--},vehicle.planet_rel_state.topocentric.T_inrtl_to_this[1][2] {--},vehicle.planet_rel_state.topocentric.T_inrtl_to_this[2][0] {--},vehicle.planet_rel_state.topocentric.T_inrtl_to_this[2][1] {--},vehicle.planet_rel_state.topocentric.T_inrtl_to_this[2][2] {--},vehicle.planet_rel_state.topocentric.T_this_to_body[0][0] {--},vehicle.planet_rel_state.topocentric.T_this_to_body[0][1] {--},vehicle.planet_rel_state.topocentric.T_this_to_body[0][2] {--},vehicle.planet_rel_state.topocentric.T_this_to_body[1][0] {--},vehicle.planet_rel_state.topocentric.T_this_to_body[1][1] {--},vehicle.planet_rel_state.topocentric.T_this_to_body[1][2] {--},vehicle.planet_rel_state.topocentric.T_this_to_body[2][0] {--},vehicle.planet_rel_state.topocentric.T_this_to_body[2][1] {--},vehicle.planet_rel_state.topocentric.T_this_to_body[2][2] {--},vehicle.planet_rel_state.topocentric.E_this_to_body_YPR[0] {rad},vehicle.planet_rel_state.topocentric.E_this_to_body_YPR[1] {rad},vehicle.planet_rel_state.topocentric.E_this_to_body_YPR[2] {rad},vehicle.planet_rel_state.topocentric.relative_vel.vel_xy {m/s},vehicle.planet_rel_state.topocentric.relative_vel.flight_path {rad},vehicle.planet_rel_state.topocentric.relative_vel.azimuth {rad},vehicle.planet_rel_state.topocentric.relative_vel.altitude_rate {m/s},vehicle.planet_rel_state.topocentric.inertial_vel.vel_xy {m/s},vehicle.planet_rel_state.topocentric.inertial_vel.flight_path {rad},vehicle.planet_rel_state.topocentric.inertial_vel.azimuth {rad},vehicle.planet_rel_state.topocentric.inertial_vel.altitude_rate {m/s}
                   0,-0.03697343192200082,   0.521377890420298,  0.8525245220595059,  0.9974949866040544, 0.07073720166770291,                   0,-0.06030519904358531,  0.8503889367113747,  -0.522687228930659,-0.03697343192200082,   0.521377890420298,  0.8525245220595059,  0.9974949866040544, 0.07073720166770291,                   0,-0.06030519904358531,  0.8503889367113747,  -0.522687228930659,-0.03697343192200082,  0.9974949866040544,-0.06030519904358531,   0.521377890420298, 0.07073720166770291,  0.8503889367113747,  0.8525245220595059,                   0,  -0.522687228930659,     1.6078456489952, 0.06034181114924057,   2.121914605499037,                7000,8.12048840868686e-18,   1.570796326794897,5.684341886080801e-14,   7397.131758786854,7.684521611134646e-18,   1.570796326794897,5.684341886080801e-14
                   5,-0.04051269203113692,  0.5211060382641943,  0.8525298931233944,  0.9969915919005264, 0.07750977796158511,                   0,-0.06607940272160819,  0.8499651352878786, -0.5226784684019552,-0.04051269203113692,  0.5211060382641943,  0.8525298931233944,  0.9969915919005264, 0.07750977796158511,                   0,-0.06607940272160819,  0.8499651352878786, -0.5226784684019552,-0.04051269203113692,  0.9969915919005264,-0.06607940272160819,  0.5211060382641943, 0.07750977796158511,  0.8499651352878786,  0.8525298931233944,                   0, -0.5226784684019552,   1.611408921989788, 0.06612758660649831,   2.122129531297583,   7000.018476279818,-0.0008586637518657508,   1.574547402879035,  -6.010663605199726,   7397.149158955545,-0.0008125646993413755,   1.574346018020041,  -6.010663605199783
                  10,-0.04404843250951933,  0.5207927072637974,  0.8525460055940083,  0.9964422237904451, 0.08427867255452232,                   0,-0.07185144564312337,  0.8495128376977549, -0.5226521867797944,-0.04404843250951933,  0.5207927072637974,  0.8525460055940083,  0.9964422237904451, 0.08427867255452232,                   0,-0.07185144564312337,  0.8495128376977549, -0.5226521867797944,-0.04404843250951933,  0.9964422237904451,-0.07185144564312337,  0.5207927072637974, 0.08427867255452232,  0.8495128376977549,  0.8525460055940083,                   0, -0.5226521867797944,   1.614973272250584, 0.07191341345497236,   2.122344623886789,   7000.073905142165,-0.001717291934891966,   1.578298293043807,  -12.02118227813986,   7397.201359533221,-0.001625097264688354,   1.577895534204981,   -12.0211822781398
                  15,-0.04758007899342379,  0.5204379492928466,  0.8525728573082982,  0.9958469195484715, 0.09104346668388751,                   0,-0.07762118852993483,  0.8490320536411073, -0.5226083839560595,-0.04758007899342379,  0.5204379492928466,  0.8525728573082982,  0.9958469195484715, 0.09104346668388751,                   0,-0.07762118852993483,  0.8490320536411073, -0.5226083839560595,-0.04758007899342379,  0.9958469195484715,-0.07762118852993483,  0.5204379492928466, 0.09104346668388751,  0.8490320536411073,  0.8525728573082982,                   0, -0.5226083839560595,   1.618538527455123,  0.0776993458645906,   2.122559899905569,   7000.166286655665,-0.002575848980942506,    1.58204881139887,  -18.03141107538637,   7397.288360734625,-0.002437565562337249,   1.581444700338005,  -18.03141107538625
                  20,-0.05110705788696195,  0.5200418235951674,  0.8526104446615416,  0.9952057214585091, 0.09780374213826674,                   0,-0.08338849207407036,  0.8485227927024497, -0.5225470597506491,-0.05110705788696195,  0.5200418235951674,  0.8526104446615416,  0.9952057214585091, 0.09780374213826674,                   0,-0.08338849207407036,  0.8485227927024497, -0.5225470597506491,-0.05110705788696195,  0.9952057214585091,-0.08338849207407036,  0.5200418235951674, 0.09780374213826674,  0.8485227927024497,  0.8526104446615416,                   0, -0.5225470597506491,   1.622104515599313, 0.08348543800621429,   2.122775376049695,   7000.295620934512,-0.003434299323288454,   1.585798772111912,  -24.04120503115995,   7397.410162917475,-0.003249937459166179,   1.584993341464368,  -24.04120503116006
                  25,-0.05462879648347553,  0.5196043967700505,  0.8526587626078788,  0.9945186768011565,   0.104559081354404,                   0,-0.08915321692706268,   0.847985064351699, -0.5224682139116227,-0.05462879648347553,  0.5196043967700505,  0.8526587626078788,  0.9945186768011565,   0.104559081354404,                   0,-0.08915321692706268,   0.847985064351699, -0.5224682139116227,-0.05462879648347553,  0.9945186768011565,-0.08915321692706268,  0.5196043967700505,   0.104559081354404,   0.847985064351699,  0.8526587626078788,                   0, -0.5224682139116227,   1.625671065027305, 0.08927174405253004,   2.122991069077257,   7000.461908138188,-0.004292607397311149,   1.589547989437627,  -30.05041914616075,   7397.566766582172,-0.004062180822925494,   1.588541282714734,  -30.05041914616064
                  30,-0.05814472308656592,  0.5191257427552576,  0.8527178046610665,  0.9937858378389224,  0.1113090675137971,                   0,-0.09491522368923552,  0.8474188779452645, -0.5223718461154001,-0.05814472308656592,  0.5191257427552576,  0.8527178046610665,  0.9937858378389224,  0.1113090675137971,                   0,-0.09491522368923552,  0.8474188779452645, -0.5223718461154001,-0.05814472308656592,  0.9937858378389224,-0.09491522368923552,  0.5191257427552576,  0.1113090675137971,  0.8474188779452645,  0.8527178046610665,                   0, -0.5223718461154001,   1.629238004461446, 0.09505831817893938,   2.123206995814146,   7000.665148471094,-0.005150737641205575,    1.59329627774664,   -36.0589083763974,   7397.758172371414,-0.004874263522529266,   1.592088349333568,  -36.05890837639751
                  35,-0.06165426713069772,  0.5186059428076657,  0.8527875628954428,  0.9930072617992127,  0.1180532846388863,                   0, -0.1006743728989978,  0.8468242427272276, -0.5222579559670214,-0.06165426713069772,  0.5186059428076657,  0.8527875628954428,  0.9930072617992127,  0.1180532846388863,                   0, -0.1006743728989978,  0.8468242427272276, -0.5222579559670214,-0.06165426713069772,  0.9930072617992127, -0.1006743728989978,  0.5186059428076657,  0.1180532846388863,  0.8468242427272276,  0.8527875628954428,                   0, -0.5222579559670214,   1.632805163032312,   0.100845214564449,   2.123423173159604,   7000.905342182041,-0.006008654496682027,   1.597043451554359,  -42.06652762200609,   7397.984381069672,-0.005686153428344664,   1.595634366707463,  -42.06652762200609
                  40,-0.06515685930130895,  0.5180450854815631,  0.8528680279471083,  0.9921830108551046,  0.1247913176887688,                   0, -0.1064305250221414,  0.8462011678306174, -0.5221265430004595,-0.06515685930130895,  0.5180450854815631,  0.8528680279471083,  0.9921830108551046,  0.1247913176887688,                   0, -0.1064305250221414,  0.8462011678306174, -0.5221265430004595,-0.06515685930130895,  0.9921830108551046, -0.1064305250221414,  0.5180450854815631,  0.1247913176887688,  0.8462011678306174,  0.8528680279471083,                   0, -0.5221265430004595,   1.636372370308777,  0.1066324873925563,     2.1236396180918,   7001.182489563665,-0.006866322409669313,   1.600789325549753,  -48.07313171608355,   7398.245393602564,-0.006497818412484056,   1.599179160393376,  -48.07313171608355
                  45,-0.06865193165436924,   0.517443266604616,  0.8529591890153175,   0.991313152103922,  0.1315227526543848,                   0, -0.1121835404411462,  0.8455496622787795, -0.5219776066789953,-0.06865193165436924,   0.517443266604616,  0.8529591890153175,   0.991313152103922,  0.1315227526543848,                   0, -0.1121835404411462,  0.8455496622787795, -0.5219776066789953,-0.06865193165436924,   0.991313152103922, -0.1121835404411462,   0.517443266604616,  0.1315227526543848,  0.8455496622787795,  0.8529591890153175,                   0, -0.5219776066789953,   1.639939456328137,  0.1124201908521358,   2.123856347673485,   7001.496590951706,-0.007723705831015373,   1.604533714624023,  -54.07857541350513,   7398.541211036129,-0.007309226349094477,   1.602722556146775,  -54.07857541350513
                  50,-0.07213891773532016,  0.5168005892515183,  0.8530610338640842,  0.9903977575436266,  0.1382471766531086,                   0, -0.1179332794444915,  0.8448697349868366, -0.5218111463956474,-0.07213891773532016,  0.5168005892515183,  0.8530610338640842,  0.9903977575436266,  0.1382471766531086,                   0, -0.1179332794444915,  0.8448697349868366, -0.5218111463956474,-0.07213891773532016,  0.9903977575436266, -0.1179332794444915,  0.5168005892515183,  0.1382471766531086,  0.8448697349868366,  0.8530610338640842,                   0, -0.5218111463956474,   1.643506251626247,  0.1182083791383217,   2.124073379057688,   7001.847646724182,-0.008580769217187844,   1.608276433899159,  -60.08271337974665,   7398.871834575947,-0.008120345114647997,   1.606264379949659,  -60.08271337974676
                  55,-0.07561725269733725,  0.5161171637153493,  0.8531735488239953,  0.9894369040470475,  0.1449641780226879,                   0,   -0.12367960221597,  0.8441613947632465, -0.5216271614736618,-0.07561725269733725,  0.5161171637153493,  0.8531735488239953,  0.9894369040470475,  0.1449641780226879,                   0,   -0.12367960221597,  0.8441613947632465, -0.5216271614736618,-0.07561725269733725,  0.9894369040470475,   -0.12367960221597,  0.5161171637153493,  0.1449641780226879,  0.8441613947632465,  0.8531735488239953,                   0, -0.5216271614736618,   1.647072587267674,  0.1239971064533877,   2.124290729493484,   7002.235657300467,-0.009437477030975144,   1.612017298756364,  -66.08540017971447,   7399.237265566191,-0.008931142588233023,   1.609804458038454,  -66.08540017971458
                  60,-0.07908637341885286,   0.515393107476654,  0.8532967187942374,  0.9884306733339649,  0.1516733464144727,                   0, -0.1294223688240113,   0.843424650311451, -0.5214256511670557,-0.07908637341885286,   0.515393107476654,  0.8532967187942374,  0.9884306733339649,  0.1516733464144727,                   0, -0.1294223688240113,   0.843424650311451, -0.5214256511670557,-0.07908637341885286,  0.9884306733339649, -0.1294223688240113,   0.515393107476654,  0.1516733464144727,   0.843424650311451,  0.8532967187942374,                   0, -0.5214256511670557,    1.65063829487584,  0.1297864270076257,   2.124508416331822,   7002.660623140249,  -0.010293793742184,    1.61575612486433,  -72.08649026655584,   7399.637505488534,-0.009741586651843125,   1.613342616931756,  -72.08649026655584
                  65,-0.08254571862027879,  0.5146285451702757,  0.8534305272448293,  0.9873791519410722,  0.1583742728858734,                   0, -0.1351614392110074,  0.8426595102316216, -0.5212066146612231,-0.08254571862027879,  0.5146285451702757,  0.8534305272448293,  0.9873791519410722,  0.1583742728858734,                   0, -0.1351614392110074,  0.8426595102316216, -0.5212066146612231,-0.08254571862027879,  0.9873791519410722, -0.1351614392110074,  0.5146285451702757,  0.1583742728858734,  0.8426595102316216,  0.8534305272448293,                   0, -0.5212066146612231,   1.654203206663155,    0.13557639502022,   2.124726457031427,   7003.122544742367,-0.01114968382833835,   1.619492728207347,  -78.08583797048456,   7400.072555960945,-0.01055164519066788,   1.616878683457905,  -78.08583797048445
                  70,-0.08599472897986996,  0.5138236085499629,  0.8535749562190618,    0.98628243118984,  0.1650665499919907,                   0, -0.1408966731826451,  0.8418659830224975, -0.5209700510735975,-0.08599472897986996,  0.5138236085499629,  0.8535749562190618,    0.98628243118984,  0.1650665499919907,                   0, -0.1408966731826451,  0.8418659830224975, -0.5209700510735975,-0.08599472897986996,    0.98628243118984, -0.1408966731826451,  0.5138236085499629,  0.1650665499919907,  0.8418659830224975,  0.8535749562190618,                   0, -0.5209700510735975,   1.657767155461111,  0.1413670647201191,   2.124944869164782,   7003.621422643552,-0.01200511177537606,   1.623226925113232,  -84.08329748759752,   7400.542418736377,-0.01136128609338252,    1.62041248478239,  -84.08329748759741
                  75,-0.08943284724866973,  0.5129784364507752,  0.8537299863361448,  0.9851406071523076,  0.1717497718763631,                   0, -0.1466279303972435,   0.841044077083321, -0.5207159594543708,-0.08943284724866973,  0.5129784364507752,  0.8537299863361448,  0.9851406071523076,  0.1717497718763631,                   0, -0.1466279303972435,   0.841044077083321, -0.5207159594543708,-0.08943284724866973,  0.9851406071523076, -0.1466279303972435,  0.5129784364507752,  0.1717497718763631,   0.841044077083321,  0.8537299863361448,                   0, -0.5207159594543708,   1.661329974750333,   0.147158490346904,    2.12516367042418,    7004.15725741706,-0.01286004207834415,   1.626958532281062,  -90.07872286868817,    7401.04709570134,-0.01217047725243716,   1.623943848435043,  -90.07872286868817
                  80,-0.09285951836448036,  0.5120931747493215,  0.8538955967940562,  0.9839537806148266,   0.178423534360772,                   0, -0.1523550703550962,  0.8401938007158652, -0.5204443387872736,-0.09285951836448036,  0.5120931747493215,  0.8538955967940562,  0.9839537806148266,   0.178423534360772,                   0, -0.1523550703550962,  0.8401938007158652, -0.5204443387872736,-0.09285951836448036,  0.9839537806148266, -0.1523550703550962,  0.5120931747493215,   0.178423534360772,  0.8401938007158652,  0.8538955967940562,                   0, -0.5204443387872736,   1.664891498690574,  0.1529507261516525,   2.125382878627872,   7004.730049671171,-0.01371443924209353,   1.630687366808696,   -96.0719680080631,   7401.586588874355,-0.01297918656434653,   1.627472602337034,  -96.07196800806298
                  85,-0.09627418956480033,  0.5111679763218544,   0.854071765372595,  0.9827220570397895,  0.1850874350340523,                   0, -0.1580779523878185,  0.8393151621265611, -0.5201551879904103,-0.09627418956480033,  0.5111679763218544,   0.854071765372595,  0.9827220570397895,  0.1850874350340523,                   0, -0.1580779523878185,  0.8393151621265611, -0.5201551879904103,-0.09627418956480033,  0.9827220570397895, -0.1580779523878185,  0.5111679763218544,  0.1850874350340523,  0.8393151621265611,   0.854071765372595,                   0, -0.5201551879904103,   1.668451562150642,  0.1587438263978001,    2.12560251172629,   7005.339800047608,-0.01456826778197157,   1.634413246220064,  -102.0628866323527,   7402.160900404273,-0.01378738192997917,   1.630998574827627,  -102.0628866323529
                  90,-0.09967631049867516,  0.5102030010002621,  0.8542584684366309,  0.9814455465253693,  0.1917410733398536,                   0, -0.1637964356476991,  0.8384081694287141, -0.5198485059171583,-0.09967631049867516,  0.5102030010002621,  0.8542584684366309,  0.9814455465253693,  0.1917410733398536,                   0, -0.1637964356476991,  0.8384081694287141, -0.5198485059171583,-0.09967631049867516,  0.9814455465253693, -0.1637964356476991,  0.5102030010002621,  0.1917410733398536,  0.8384081694287141,  0.8542584684366309,                   0, -0.5198485059171583,   1.672010000738235,   0.164537845361995,   2.125822587808378,    7005.98650921981,-0.01542149222451444,   1.638135988492222,  -108.0513322893274,   7402.770032568526,-0.01459503125484674,   1.634521594690703,  -108.0513322893273
                  95, -0.1030653333374061,  0.5091984155259781,  0.8544556809395574,  0.9801243637633038,  0.1983840506633004,                   0,  -0.169510379097058,  0.8374728306448241, -0.5195242913571196, -0.1030653333374061,  0.5091984155259781,  0.8544556809395574,  0.9801243637633038,  0.1983840506633004,                   0,  -0.169510379097058,  0.8374728306448241, -0.5195242913571196, -0.1030653333374061,  0.9801243637633038,  -0.169510379097058,  0.5091984155259781,  0.1983840506633004,  0.8374728306448241,  0.8544556809395574,                   0, -0.5195242913571196,   1.675566650829698,   0.170332837334952,   2.126043125108016,   7006.670177891118,-0.01627407710813545,   1.641855412082139,  -114.0371583366962,   7403.413987771203,-0.01540210244939208,   1.638041491181021,  -114.0371583366962
                 100, -0.1064407128840632,  0.5081543935018581,  0.8546633764269363,  0.9787586279947585,  0.2050159704164967,                   0,  -0.175219641497608,   0.836509153708996, -0.5191825430371372, -0.1064407128840632,  0.5081543935018581,  0.8546633764269363,  0.9787586279947585,  0.2050159704164967,                   0,  -0.175219641497608,   0.836509153708996, -0.5191825430371372, -0.1064407128840632,  0.9787586279947585,  -0.175219641497608,  0.5081543935018581,  0.2050159704164967,   0.836509153708996,  0.8546633764269363,                   0, -0.5191825430371372,   1.679121349599659,  0.1761288566222981,   2.126264142010541,   7007.390806792837,-0.01712598698381427,   1.645571335953224,  -120.0202179309204,   7404.092768541049,-0.01620856342927816,   1.641558094050205,  -120.0202179309202
